Look at simulation 500

New Simulation: 0 
 State(t=0.0, p=9.995804, q=array([ -3.9843, -12.6963]))
[-1.0000e+00 -4.1962e-04 -3.9843e-01 -1.2696e+00]
[-1.0000e+00 -4.1962e-04 -1.2696e+00 -3.9843e-01]
[-0.3593 -0.3596] [-1.4034 -1.4261] [0.8252 0.8174] [1.2814 1.2574] [-0.3766 -0.3511] [-0.5305 -0.5172]

State(t=0.0, p=9.995804, q=array([ -3.9843, -12.6963])) , Action: [-1.4034 -1.4261], Loss: 0.2963683009147644
[ 0.0000e+00  9.9282e-04 -3.9305e-01 -1.2640e+00]
[ 0.0000e+00  9.9282e-04 -1.2640e+00 -3.9305e-01]
[-3.9149 -3.9718] [-39.3309 -46.472 ] [-18.8614 -22.2949] [149.1938 208.0616] [27.4459 32.4456] [-17.7683 -21.0006]

State(t=1.0, p=10.00992817490201, q=array([ -3.9305, -12.6397])) , Action: [-39.3309 -46.472 ], Loss: 48969781248.0
New Simulation: 20 
 State(t=0.0, p=10.009825, q=array([10.1803, -4.7189]))
[-1.0000e+00  9.8248e-04  1.0180e+00 -4.7189e-01]
[-1.0000e+00  9.8248e-04 -4.7189e-01  1.0180e+00]
[-5644.9595 -2203.1873] [-2.5891  0.2158] [2.2183 1.0191] [0.0752 0.026 ] [-4.4444 -4.0211] [-3.6421 -1.4916]

State(t=0.0, p=10.009825, q=array([10.1803, -4.7189])) , Action: [-2.5891  0.2158], Loss: 2369996.5
[ 0.     -0.3081  0.4125 -1.0952]
[ 0.     -0.3081 -1.0952  0.4125]
[-4577.9365 -3307.8193] [4.6943 8.4979] [-1.6857 -2.8698] [32.802  96.5462] [-2.7753 -4.8305] [0.2595 0.2428]

State(t=1.0, p=6.919362808172924, q=array([  4.1248, -10.9517])) , Action: [4.6943 8.4979], Loss: 9554105.0
New Simulation: 40 
 State(t=0.0, p=10.0048685, q=array([  0.9037, -15.4353]))
[-1.0000e+00  4.8685e-04  9.0374e-02 -1.5435e+00]
[-1.0000e+00  4.8685e-04 -1.5435e+00  9.0374e-02]
[-2845.7522 -1506.6254] [0.883  6.4869] [ 2.2277 -2.3869] [13.8396 39.552 ] [-4.3046 -2.118 ] [-3.3375 -2.8176]

State(t=0.0, p=10.0048685, q=array([  0.9037, -15.4353])) , Action: [0.883  6.4869], Loss: 73630.9609375
[ 0.      0.1854  0.2433 -0.9623]
[ 0.      0.1854 -0.9623  0.2433]
[-2770.46  -1310.169] [0.1511 9.6636] [ 2.402  -2.6258] [19.7392 81.298 ] [-4.0746 -1.7046] [-3.2835 -4.0977]

State(t=1.0, p=11.853851839562944, q=array([ 2.4335, -9.6231])) , Action: [0.1511 9.6636], Loss: 6144768.0
New Simulation: 60 
 State(t=0.0, p=9.981856, q=array([ 12.7176, -13.6893]))
[-1.     -0.0018  1.2718 -1.3689]
[-1.     -0.0018 -1.3689  1.2718]
[-5231.517   -668.3212] [-4.9963  2.7819] [ 6.0386 -0.7289] [26.5495 56.8008] [-6.6242 -4.6836] [-4.5399 -3.5307]

State(t=0.0, p=9.981856, q=array([ 12.7176, -13.6893])) , Action: [-4.9963  2.7819], Loss: 2810126.5
[ 0.     -0.0728  0.6724 -1.0535]
[ 0.     -0.0728 -1.0535  0.6724]
[-3550.6575  -920.3666] [-0.3967 11.6736] [ 1.538  -5.7592] [ 61.6941 109.8777] [-5.0831 -1.9317] [-2.8613 -1.4875]

State(t=1.0, p=9.271545910586852, q=array([  6.724 , -10.5351])) , Action: [-0.3967 11.6736], Loss: 7708193.5
New Simulation: 80 
 State(t=0.0, p=9.988758, q=array([15.1622,  0.9263]))
[-1.0000e+00 -1.1242e-03  1.5162e+00  9.2630e-02]
[-1.0000e+00 -1.1242e-03  9.2630e-02  1.5162e+00]
[-3975.7124  -402.7413] [-4.0839  4.239 ] [ 5.4538 -1.1765] [21.678  12.3898] [-4.6701 -1.8546] [-3.208  -0.5822]

State(t=0.0, p=9.988758, q=array([15.1622,  0.9263])) , Action: [-4.0839  4.239 ], Loss: 120203.09375
[ 0.     -0.2187  0.8631 -0.1334]
[ 0.     -0.2187 -0.1334  0.8631]
[-3303.3608  -448.9571] [-5.0532  1.2432] [ 3.1513 -0.4299] [64.5848 88.4372] [-4.6416 -3.6681] [-3.4471 -1.5184]

State(t=1.0, p=7.812844853660711, q=array([ 8.6312, -1.3343])) , Action: [-5.0532  1.2432], Loss: 6577677.0
New Simulation: 100 
 State(t=0.0, p=10.007778, q=array([ 8.1731, -8.1541]))
[-1.0000e+00  7.7782e-04  8.1731e-01 -8.1541e-01]
[-1.0000e+00  7.7782e-04 -8.1541e-01  8.1731e-01]
[-1047.4645   -83.1458] [-3.2573  4.3051] [ 2.2877 -3.1885] [26.9169 28.502 ] [-2.7965 -1.9136] [-1.4749  1.4804]

State(t=0.0, p=10.007778, q=array([ 8.1731, -8.1541])) , Action: [-3.2573  4.3051], Loss: 121803.15625
[ 0.      0.0139  0.7565 -0.702 ]
[ 0.      0.0139 -0.702   0.7565]
[-1448.3167  -154.9642] [-6.1133  6.7471] [ 1.7511 -4.6243] [92.0661 98.1475] [-4.5809 -2.7791] [-1.2356  2.0489]

State(t=1.0, p=10.138670309107502, q=array([ 7.5653, -7.0198])) , Action: [-6.1133  6.7471], Loss: 1828644.375
New Simulation: 120 
 State(t=0.0, p=10.012302, q=array([13.7576,  7.4009]))
[-1.0000e+00  1.2302e-03  1.3758e+00  7.4009e-01]
[-1.0000e+00  1.2302e-03  7.4009e-01  1.3758e+00]
[-1206.9485  -418.6762] [-2.0279  1.1067] [3.8454 1.9459] [9.7714 3.5046] [-2.4394 -1.7154] [-1.5153 -0.4627]

State(t=0.0, p=10.012302, q=array([13.7576,  7.4009])) , Action: [-2.0279  1.1067], Loss: 19610.67578125
[ 0.     -0.0134  1.2009  0.8554]
[ 0.     -0.0134  0.8554  1.2009]
[-1169.5476  -513.4408] [-9.2467 -6.8058] [7.9412 6.5687] [100.5719  92.3485] [-5.3742 -4.6994] [-3.6594 -2.8449]

State(t=1.0, p=9.866446823088205, q=array([12.0088,  8.5539])) , Action: [-9.2467 -6.8058], Loss: 1006666.25
New Simulation: 140 
 State(t=0.0, p=9.997351, q=array([-4.1848,  0.5383]))
[-1.0000e+00 -2.6493e-04 -4.1848e-01  5.3827e-02]
[-1.0000e+00 -2.6493e-04  5.3827e-02 -4.1848e-01]
[81.4422 82.9988] [3.4014 1.1714] [-2.6095 -0.9506] [30.2081 25.6843] [-1.7775 -1.8008] [2.0787 1.0858]

State(t=0.0, p=9.997351, q=array([-4.1848,  0.5383])) , Action: [3.4014 1.1714], Loss: 3424.162109375
[ 0.      0.0646 -0.1762  0.0726]
[ 0.      0.0646  0.0726 -0.1762]
[46.0831 48.6391] [ 0.7323 -1.3748] [-0.7006  0.6629] [101.9948  97.9919] [-2.8576 -3.1046] [1.5238 0.7426]

State(t=1.0, p=10.645763229976843, q=array([-1.7624,  0.726 ])) , Action: [ 0.7323 -1.3748], Loss: 34735.6796875
New Simulation: 160 
 State(t=0.0, p=10.004335, q=array([1.7193, 2.6667]))
[-1.0000e+00  4.3354e-04  1.7193e-01  2.6667e-01]
[-1.0000e+00  4.3354e-04  2.6667e-01  1.7193e-01]
[71.9682 39.2572] [0.529  0.1159] [-0.5061 -0.2413] [10.4649 10.057 ] [-1.3169 -1.2867] [0.544  0.3682]

State(t=0.0, p=10.004335, q=array([1.7193, 2.6667])) , Action: [0.529  0.1159], Loss: 180.0899658203125
[0.     0.06   0.3121 0.3587]
[0.     0.06   0.3587 0.3121]
[70.4135 43.8406] [-2.6634 -3.0006] [1.5229 1.6934] [109.215  110.2361] [-3.4821 -3.524 ] [ 0.1397 -0.0104]

State(t=1.0, p=10.599645315350015, q=array([3.121 , 3.5868])) , Action: [-2.6634 -3.0006], Loss: 1179.3817138671875
New Simulation: 180 
 State(t=0.0, p=10.001681, q=array([-18.768,  20.94 ]))
[-1.0000e+00  1.6813e-04 -1.8768e+00  2.0940e+00]
[-1.0000e+00  1.6813e-04  2.0940e+00 -1.8768e+00]
[-283.6559 -806.9235] [  6.5252 -11.877 ] [-4.0544  3.8945] [18.4547 59.5459] [-0.767  -4.0235] [ 2.7027 -1.824 ]

State(t=0.0, p=10.001681, q=array([-18.768,  20.94 ])) , Action: [  6.5252 -11.877 ], Loss: 294286.84375
[ 0.     -0.1036 -1.1729  0.9782]
[ 0.     -0.1036  0.9782 -1.1729]
[-282.5236 -582.3299] [12.1256 -7.1041] [-7.4123  0.8032] [97.8967 90.6851] [-1.3107 -4.0127] [4.7526 1.3002]

State(t=1.0, p=8.963860286516196, q=array([-11.7288,   9.7822])) , Action: [12.1256 -7.1041], Loss: 351576.3125
New Simulation: 200 
 State(t=0.0, p=9.984981, q=array([17.1558, -2.8005]))
[-1.0000e+00 -1.5019e-03  1.7156e+00 -2.8005e-01]
[-1.0000e+00 -1.5019e-03 -2.8005e-01  1.7156e+00]
[-699.4291  114.2155] [-6.0089  4.8473] [ 1.7326 -2.1316] [4.9128 9.632 ] [ 0.0233 -1.9098] [-0.9328  1.9132]

State(t=0.0, p=9.984981, q=array([17.1558, -2.8005])) , Action: [-6.0089  4.8473], Loss: 49558.31640625
[ 0.     -0.0456  1.0896  0.1717]
[ 0.     -0.0456  0.1717  1.0896]
[-543.3188   71.9969] [-9.0908 -1.5449] [4.1997 1.14  ] [ 98.648  100.0487] [-3.5949 -3.6258] [-2.5043  0.3296]

State(t=1.0, p=9.544199448600402, q=array([10.8962,  1.7168])) , Action: [-9.0908 -1.5449], Loss: 297542.21875
New Simulation: 220 
 State(t=0.0, p=9.994396, q=array([-16.6548,  28.7933]))
[-1.0000e+00 -5.6038e-04 -1.6655e+00  2.8793e+00]
[-1.0000e+00 -5.6038e-04  2.8793e+00 -1.6655e+00]
[ -141.8353 -1067.5729] [  6.1226 -18.1193] [-1.8135  4.0375] [13.5677 88.1228] [-1.0583 -3.4784] [ 2.9658 -1.6803]

State(t=0.0, p=9.994396, q=array([-16.6548,  28.7933])) , Action: [  6.1226 -18.1193], Loss: 1542375.5
[ 0.     -0.2052 -1.0616  1.4568]
[ 0.     -0.2052  1.4568 -1.0616]
[-135.3124 -719.5876] [  6.136  -10.2274] [-3.8521  1.8918] [87.1851 86.1441] [-1.3329 -3.9907] [3.0893 0.8755]

State(t=1.0, p=7.948024681673197, q=array([-10.6163,  14.5677])) , Action: [  6.136  -10.2274], Loss: 2746678.5
New Simulation: 240 
 State(t=0.0, p=9.98511, q=array([ -0.2166, -18.2457]))
[-1.0000e+00 -1.4890e-03 -2.1655e-02 -1.8246e+00]
[-1.0000e+00 -1.4890e-03 -1.8246e+00 -2.1655e-02]
[  73.4038 -344.0946] [0.029  5.9867] [-0.758  -4.1936] [23.7381 15.4546] [-1.8278 -1.5039] [0.5722 2.46  ]

State(t=0.0, p=9.98511, q=array([ -0.2166, -18.2457])) , Action: [0.029  5.9867], Loss: 9632.8623046875
[ 0.      0.1417 -0.0315 -1.2338]
[ 0.      0.1417 -1.2338 -0.0315]
[  24.0554 -319.9913] [-0.0566 11.8767] [-0.2948 -7.4247] [94.0309 78.9083] [-3.3803 -2.3429] [0.9803 4.1833]

State(t=1.0, p=11.41702036432915, q=array([ -0.3151, -12.3377])) , Action: [-0.0566 11.8767], Loss: 44311.6171875
New Simulation: 260 
 State(t=0.0, p=9.995809, q=array([-21.4323,   1.3723]))
[-1.0000e+00 -4.1914e-04 -2.1432e+00  1.3723e-01]
[-1.0000e+00 -4.1914e-04  1.3723e-01 -2.1432e+00]
[-451.5994   65.0532] [ 7.0444 -0.5174] [-4.5594 -0.5221] [21.8485 17.6802] [-1.1491 -1.3177] [3.1659 0.5001]

State(t=0.0, p=9.995809, q=array([-21.4323,   1.3723])) , Action: [ 7.0444 -0.5174], Loss: 4466.22802734375
[ 0.      0.164  -1.4473  0.0969]
[ 0.      0.164   0.0969 -1.4473]
[-384.2781   17.1365] [14.0242 -1.8625] [-7.8306  0.7954] [103.8529  91.9624] [-1.6411 -3.0146] [5.0617 0.3934]

State(t=1.0, p=11.639794457824381, q=array([-14.4728,   0.9691])) , Action: [14.0242 -1.8625], Loss: 43870.3125
New Simulation: 280 
 State(t=0.0, p=10.001963, q=array([ 8.5161, 21.9909]))
[-1.0000e+00  1.9627e-04  8.5161e-01  2.1991e+00]
[-1.0000e+00  1.9627e-04  2.1991e+00  8.5161e-01]
[  68.5295 -378.3988] [-1.4799 -9.8651] [4.4189 1.8329] [10.2335  8.1072] [-2.2894  0.0959] [-0.1983 -0.6574]

State(t=0.0, p=10.001963, q=array([ 8.5161, 21.9909])) , Action: [-1.4799 -9.8651], Loss: 9454.0625
[ 0.     -0.2743  0.7205  1.2335]
[ 0.     -0.2743  1.2335  0.7205]
[ -12.4716 -396.7324] [ -6.0043 -11.3082] [5.9378 5.8379] [116.2727 110.078 ] [-3.9385 -4.0048] [-1.2182 -3.3907]

State(t=1.0, p=7.257298172015883, q=array([ 7.2047, 12.3349])) , Action: [ -6.0043 -11.3082], Loss: 182822.4375
New Simulation: 300 
 State(t=0.0, p=10.000822, q=array([17.7635,  4.5087]))
[-1.0000e+00  8.2207e-05  1.7764e+00  4.5087e-01]
[-1.0000e+00  8.2207e-05  4.5087e-01  1.7764e+00]
[-112.3138   40.6564] [-6.9377  1.5644] [0.1592 0.9956] [1.2129 1.4319] [ 0.9702 -1.0817] [ 0.2801 -0.2145]

State(t=0.0, p=10.000822, q=array([17.7635,  4.5087])) , Action: [-6.9377  1.5644], Loss: 2773.55859375
[ 0.     -0.1339  1.0681  0.6069]
[ 0.     -0.1339  0.6069  1.0681]
[-128.5004   69.1242] [-9.8987 -5.4785] [5.0507 4.4685] [111.8878 117.8604] [-3.2271 -3.3552] [-2.94   -1.3358]

State(t=1.0, p=8.660950543970264, q=array([10.6807,  6.0692])) , Action: [-9.8987 -5.4785], Loss: 37444.04296875
New Simulation: 320 
 State(t=0.0, p=10.007764, q=array([ 8.9308, -1.5008]))
[-1.0000e+00  7.7639e-04  8.9308e-01 -1.5008e-01]
[-1.0000e+00  7.7639e-04 -1.5008e-01  8.9308e-01]
[ 60.519  -19.6898] [-2.912   2.4357] [-0.4311 -1.8769] [2.0461 3.4714] [ 0.3248 -0.3641] [1.0496 0.4196]

State(t=0.0, p=10.007764, q=array([ 8.9308, -1.5008])) , Action: [-2.912   2.4357], Loss: 791.1743774414062
[ 0.     -0.012   0.5933  0.0878]
[ 0.     -0.012   0.0878  0.5933]
[48.9081 -4.0974] [-5.8617 -0.9219] [3.5547 1.3054] [112.3316 108.1416] [-2.9277 -2.3402] [-1.5754 -0.0437]

State(t=1.0, p=9.880290994222454, q=array([5.9332, 0.8777])) , Action: [-5.8617 -0.9219], Loss: 2265.554931640625
New Simulation: 340 
 State(t=0.0, p=10.007858, q=array([10.6279, -1.1385]))
[-1.0000e+00  7.8583e-04  1.0628e+00 -1.1385e-01]
[-1.0000e+00  7.8583e-04 -1.1385e-01  1.0628e+00]
[ 70.545 -21.959] [-3.9132  2.296 ] [-0.3803 -1.9967] [1.7009 3.2242] [ 0.7262 -0.0274] [0.9621 0.3267]

State(t=0.0, p=10.007858, q=array([10.6279, -1.1385])) , Action: [-3.9132  2.296 ], Loss: 506.8548889160156
[ 0.     -0.0443  0.6611  0.1106]
[ 0.     -0.0443  0.1106  0.6611]
[39.4474 -5.6233] [-6.5252 -1.0222] [3.5887 1.2725] [112.4716 107.0117] [-2.4255 -1.8948] [-1.8385 -0.2865]

State(t=1.0, p=9.556803197550812, q=array([6.6114, 1.1056])) , Action: [-6.5252 -1.0222], Loss: 3827.203369140625
New Simulation: 360 
 State(t=0.0, p=9.998561, q=array([  4.7126, -22.7843]))
[-1.0000e+00 -1.4391e-04  4.7126e-01 -2.2784e+00]
[-1.0000e+00 -1.4391e-04 -2.2784e+00  4.7126e-01]
[  22.3612 -343.4479] [-3.19   7.681] [-0.6982 -4.8328] [25.7832 22.3952] [-0.5967 -0.7295] [0.6474 2.3905]

State(t=0.0, p=9.998561, q=array([  4.7126, -22.7843])) , Action: [-3.19   7.681], Loss: 2242.89599609375
[ 0.      0.1128  0.1513 -1.5109]
[ 0.      0.1128 -1.5109  0.1513]
[ -21.01  -294.758] [-0.7689 14.7093] [ 0.2886 -7.4805] [104.395  102.5293] [-2.0853 -0.7404] [0.073  2.7863]

State(t=1.0, p=11.128130963078386, q=array([  1.5131, -15.109 ])) , Action: [-0.7689 14.7093], Loss: 9194.255859375
New Simulation: 380 
 State(t=0.0, p=9.998229, q=array([13.8288, -0.5784]))
[-1.0000e+00 -1.7710e-04  1.3829e+00 -5.7843e-02]
[-1.0000e+00 -1.7710e-04 -5.7843e-02  1.3829e+00]
[ 87.9707 -20.355 ] [-5.826   2.7866] [-0.0396 -2.1432] [1.9732 3.5449] [0.8304 0.2906] [0.6148 0.2118]

State(t=0.0, p=9.998229, q=array([13.8288, -0.5784])) , Action: [-5.826   2.7866], Loss: 417.61669921875
[ 0.     -0.0794  0.7913  0.2147]
[ 0.     -0.0794  0.2147  0.7913]
[42.6779  5.3909] [-7.598  -1.7597] [3.8033 1.6722] [113.3719 107.79  ] [-1.5783 -1.14  ] [-2.2936 -0.9782]

State(t=1.0, p=9.206412172203299, q=array([7.9127, 2.1474])) , Action: [-7.598  -1.7597], Loss: 3674.32763671875
New Simulation: 400 
 State(t=0.0, p=9.996258, q=array([ -5.7227, -15.9476]))
[-1.0000e+00 -3.7422e-04 -5.7227e-01 -1.5948e+00]
[-1.0000e+00 -3.7422e-04 -1.5948e+00 -5.7227e-01]
[ -69.0723 -182.3865] [4.1165 5.3484] [-2.6177 -3.5269] [ 7.9243 11.2446] [-0.2802 -0.3265] [0.5388 1.1587]

State(t=0.0, p=9.996258, q=array([ -5.7227, -15.9476])) , Action: [4.1165 5.3484], Loss: 3450.9453125
[ 0.      0.3154 -0.1043 -0.8048]
[ 0.      0.3154 -0.8048 -0.1043]
[-31.5259 -89.839 ] [0.9282 8.0186] [-0.1094 -3.7838] [119.5552 117.728 ] [-1.4921 -0.9205] [-0.7949  0.5491]

State(t=1.0, p=13.154489662870844, q=array([-1.0428, -8.0483])) , Action: [0.9282 8.0186], Loss: 1333.689208984375
New Simulation: 420 
 State(t=0.0, p=10.008028, q=array([-15.4771,  17.1515]))
[-1.0000e+00  8.0280e-04 -1.5477e+00  1.7151e+00]
[-1.0000e+00  8.0280e-04  1.7151e+00 -1.5477e+00]
[-189.9195  190.4077] [ 5.5656 -8.278 ] [-3.0505  0.5643] [10.6571 11.598 ] [0.0656 0.4615] [0.3277 0.9298]

State(t=0.0, p=10.008028, q=array([-15.4771,  17.1515])) , Action: [ 5.5656 -8.278 ], Loss: 1048.733154296875
[ 0.     -0.0678 -0.9916  0.8834]
[ 0.     -0.0678  0.8834 -0.9916]
[-144.8132   82.0356] [10.4149 -8.8193] [-4.9742  1.1563] [92.6228 93.1624] [-0.1935 -1.1277] [0.6248 0.8144]

State(t=1.0, p=9.321920656980435, q=array([-9.9157,  8.8344])) , Action: [10.4149 -8.8193], Loss: 3470.255615234375
New Simulation: 440 
 State(t=0.0, p=10.000612, q=array([18.3014,  1.7156]))
[-1.0000e+00  6.1226e-05  1.8301e+00  1.7156e-01]
[-1.0000e+00  6.1226e-05  1.7156e-01  1.8301e+00]
[131.2818  22.2257] [-6.3357  2.1479] [ 0.8119 -0.8729] [1.974  1.9854] [0.6221 0.186 ] [ 0.1069 -0.3427]

State(t=0.0, p=10.000612, q=array([18.3014,  1.7156])) , Action: [-6.3357  2.1479], Loss: 173.91867065429688
[ 0.     -0.1102  1.175   0.3815]
[ 0.     -0.1102  0.3815  1.175 ]
[76.785  37.6803] [-11.4993  -3.745 ] [4.6257 2.8082] [109.4995 105.7826] [-0.5419 -0.8968] [-3.0347 -1.9894]

State(t=1.0, p=8.897751896141578, q=array([11.7504,  3.8152])) , Action: [-11.4993  -3.745 ], Loss: 1666.367431640625
New Simulation: 460 
 State(t=0.0, p=10.002136, q=array([9.3234, 9.0518]))
[-1.0000e+00  2.1362e-04  9.3234e-01  9.0518e-01]
[-1.0000e+00  2.1362e-04  9.0518e-01  9.3234e-01]
[71.3907 68.8843] [-2.5548 -2.374 ] [0.4004 0.3956] [1.0645 1.0727] [0.5893 0.6007] [0.3191 0.3371]

State(t=0.0, p=10.002136, q=array([9.3234, 9.0518])) , Action: [-2.5548 -2.374 ], Loss: 36.7757568359375
[ 0.     -0.0432  0.5685  1.1042]
[ 0.     -0.0432  1.1042  0.5685]
[47.2184 89.2524] [ -5.7142 -11.0838] [3.8523 4.9714] [106.9473 105.4058] [-0.9765 -0.5117] [-2.3587 -3.0815]

State(t=1.0, p=9.567978196075865, q=array([ 5.6854, 11.042 ])) , Action: [ -5.7142 -11.0838], Loss: 353.4192810058594
New Simulation: 480 
 State(t=0.0, p=9.999139, q=array([  1.5056, -10.8241]))
[-1.0000e+00 -8.6117e-05  1.5056e-01 -1.0824e+00]
[-1.0000e+00 -8.6117e-05 -1.0824e+00  1.5056e-01]
[   0.5125 -135.2031] [-0.0492  4.5637] [-0.5372 -2.7973] [11.7431  8.8973] [-0.5537 -0.6453] [-0.1772  0.1973]

State(t=0.0, p=9.999139, q=array([  1.5056, -10.8241])) , Action: [-0.0492  4.5637], Loss: 827.4105224609375
[ 0.      0.1148  0.1469 -0.6234]
[ 0.      0.1148 -0.6234  0.1469]
[  1.3398 -82.8277] [-1.4855  6.8314] [ 1.0893 -3.3153] [101.3789  98.2698] [-1.8327 -1.933 ] [-1.239  -0.2432]

State(t=1.0, p=11.147682629889353, q=array([ 1.469 , -6.2344])) , Action: [-1.4855  6.8314], Loss: 1406.7550048828125
New Simulation: 500 
 State(t=0.0, p=9.998069, q=array([ 32.818 , -20.1833]))
[-1.0000e+00 -1.9312e-04  3.2818e+00 -2.0183e+00]
[-1.0000e+00 -1.9312e-04 -2.0183e+00  3.2818e+00]
[ 270.5453 -214.8966] [-14.6474   7.6387] [ 1.5913 -4.6009] [23.044  17.5152] [ 0.2753 -1.2778] [0.2663 0.4641]

State(t=0.0, p=9.998069, q=array([ 32.818 , -20.1833])) , Action: [-14.6474   7.6387], Loss: 4423.6572265625
[ 0.     -0.1767  1.8025 -1.2504]
[ 0.     -0.1767 -1.2504  1.8025]
[ 115.555  -129.6289] [-16.1364  11.1002] [ 1.2544 -5.4844] [122.0837  93.1982] [-1.0393 -2.5768] [2.4919 0.176 ]

State(t=1.0, p=8.233497743376478, q=array([ 18.0248, -12.5041])) , Action: [-16.1364  11.1002], Loss: 792051.5
New Simulation: 520 
 State(t=0.0, p=9.985101, q=array([-6.0107, 12.8422]))
[-1.     -0.0015 -0.6011  1.2842]
[-1.     -0.0015  1.2842 -0.6011]
[-238.412  -152.5381] [-1.553  -1.8048] [0.6322 0.5185] [0.006  0.0154] [-0.9519 -0.4879] [-0.0153 -0.7272]

State(t=0.0, p=9.985101, q=array([-6.0107, 12.8422])) , Action: [-1.553  -1.8048], Loss: 14563.03515625
[ 0.     -0.0798 -0.7412  1.1084]
[ 0.     -0.0798  1.1084 -0.7412]
[-416.9597 -363.703 ] [-1.4343 -1.5315] [0.4304 0.3781] [0.0115 0.3381] [-0.3331  0.6447] [ 0.0045 -1.6394]

State(t=1.0, p=9.201621466936555, q=array([-7.4124, 11.0844])) , Action: [-1.4343 -1.5315], Loss: 29348072.0
New Simulation: 540 
 State(t=0.0, p=10.003753, q=array([-14.4127,  -5.4497]))
[-1.0000e+00  3.7527e-04 -1.4413e+00 -5.4497e-01]
[-1.0000e+00  3.7527e-04 -5.4497e-01 -1.4413e+00]
[-2276.4368 -1011.8879] [0.3374 0.5107] [5.5706 4.4958] [0.0183 0.0597] [2.2687 1.5177] [-8.1742 -5.962 ]

State(t=0.0, p=10.003753, q=array([-14.4127,  -5.4497])) , Action: [0.3374 0.5107], Loss: 23182564.0
[ 0.     -0.0801 -1.6429 -0.6628]
[ 0.     -0.0801 -0.6628 -1.6429]
[-6519.169 -3551.746] [-1.5803 -0.8545] [5.5109 4.5016] [0.0001 0.0446] [3.5758 2.8818] [-10.0278  -8.5119]

State(t=1.0, p=9.19878998979896, q=array([-16.4293,  -6.6278])) , Action: [-1.5803 -0.8545], Loss: 43989268.0
New Simulation: 560 
 State(t=0.0, p=9.981612, q=array([7.4847, 1.2887]))
[-1.     -0.0018  0.7485  0.1289]
[-1.     -0.0018  0.1289  0.7485]
[-339.3755 -359.8254] [-1.3639 -2.2503] [ 0.0016 -0.6046] [0.0445 0.0056] [4.4144 5.0296] [-2.9391 -3.252 ]

State(t=0.0, p=9.981612, q=array([7.4847, 1.2887])) , Action: [-1.3639 -2.2503], Loss: 24444.8203125
[ 0.     -0.1224  0.543  -0.1441]
[ 0.     -0.1224 -0.1441  0.543 ]
[-187.0094 -320.4016] [1.5853 0.3079] [2.3851 1.9147] [0.5851 0.2591] [5.6338 5.1482] [-4.5191 -5.0737]

State(t=1.0, p=8.775606484920488, q=array([ 5.43  , -1.4407])) , Action: [1.5853 0.3079], Loss: 3791651.5
New Simulation: 580 
 State(t=0.0, p=9.995958, q=array([-7.1829, 13.0105]))
[-1.0000e+00 -4.0417e-04 -7.1829e-01  1.3011e+00]
[-1.0000e+00 -4.0417e-04  1.3011e+00 -7.1829e-01]
[-1019.4235  -794.1565] [0.7115 1.1167] [1.3586 0.1052] [6.3993 0.6931] [17.5259 13.5918] [1.5473 2.2063]

State(t=0.0, p=9.995958, q=array([-7.1829, 13.0105])) , Action: [0.7115 1.1167], Loss: 1618273.5
[ 0.      0.1154 -0.4839  1.5303]
[ 0.      0.1154  1.5303 -0.4839]
[ -950.7975 -2517.1519] [2.1746 2.5547] [ 2.4232 -1.4446] [6.1682 0.0277] [13.5773  8.4109] [-3.4245 -0.2779]

State(t=1.0, p=11.154392588855627, q=array([-4.839 , 15.3033])) , Action: [2.1746 2.5547], Loss: 134855088.0
New Simulation: 600 
 State(t=0.0, p=10.0026455, q=array([  9.8537, -22.6548]))
[-1.0000e+00  2.6455e-04  9.8537e-01 -2.2655e+00]
[-1.0000e+00  2.6455e-04 -2.2655e+00  9.8537e-01]
[-3869.4446 -6148.566 ] [9.2944 0.5134] [-8.6611  2.8119] [0.3299 0.7079] [37.2697 30.5277] [2.7283 0.2344]

State(t=0.0, p=10.0026455, q=array([  9.8537, -22.6548])) , Action: [9.2944 0.5134], Loss: 56286020.0
[ 0.      0.1867  1.8203 -2.3609]
[ 0.      0.1867 -2.3609  1.8203]
[-8388.759 -9376.456] [14.6904 -6.9788] [-3.2683 17.4266] [1.1198 1.2479] [55.1324 46.6754] [-0.5091 -5.3772]

State(t=1.0, p=11.866887227469649, q=array([ 18.2029, -23.609 ])) , Action: [14.6904 -6.9788], Loss: 5123737600.0
New Simulation: 620 
 State(t=0.0, p=9.974914, q=array([-14.7334,  -0.479 ]))
[-1.     -0.0025 -1.4733 -0.0479]
[-1.     -0.0025 -0.0479 -1.4733]
[-5401.4155 -3820.436 ] [ 4.4156 12.0673] [2.5644 3.6623] [0.5502 1.4611] [33.2613 32.8138] [-4.1473 -7.8803]

State(t=0.0, p=9.974914, q=array([-14.7334,  -0.479 ])) , Action: [ 4.4156 12.0673], Loss: 92926144.0
[ 0.      0.3979 -1.0198  1.1004]
[ 0.      0.3979  1.1004 -1.0198]
[ -7948.02  -13572.236] [-14.6716  11.1028] [-0.1918  1.1016] [5.3967 0.236 ] [22.3781 31.8617] [-5.1306 -6.9864]

State(t=1.0, p=13.978884342782024, q=array([-10.198,  11.004])) , Action: [-14.6716  11.1028], Loss: 444031552.0
New Simulation: 640 
 State(t=0.0, p=9.987807, q=array([3.0111, 2.9374]))
[-1.     -0.0012  0.3011  0.2937]
[-1.     -0.0012  0.2937  0.3011]
[-1085.3885 -1081.8464] [1.7822 1.7279] [-0.0344 -0.0359] [17.3639 17.4552] [13.9978 14.0031] [-2.497  -2.4933]

State(t=0.0, p=9.987807, q=array([3.0111, 2.9374])) , Action: [1.7822 1.7279], Loss: 160761.53125
[0.     0.0985 0.5039 0.4913]
[0.     0.0985 0.4913 0.5039]
[-782.8767 -776.3307] [-0.9653 -1.0638] [0.2924 0.3028] [16.3758 16.5618] [10.9005 10.9073] [-2.6751 -2.6774]

State(t=1.0, p=10.984958114016809, q=array([5.0389, 4.9127])) , Action: [-0.9653 -1.0638], Loss: 10988.1337890625