
New Simulation: 0 
 State(t=0.0, p=10.008893, q=array([-2.0309, -4.3765]))
[-1.0000e+00  8.8930e-04 -2.0309e-01 -4.3765e-01]
[-1.0000e+00  8.8930e-04 -4.3765e-01 -2.0309e-01]
[-0.1461 -0.1405] [0.9247 0.8983] [0.267  0.2685] [0.0964 0.0968] [1.4227 1.4028] [1.2062 1.1668]

State(t=0.0, p=10.008893, q=array([-2.0309, -4.3765])) , Action: [0.9247 0.8983], Loss: 307.4843444824219
[ 0.     -0.0219 -0.1193 -0.6091]
[ 0.     -0.0219 -0.6091 -0.1193]
[-0.5083 -0.6114] [-0.6424 -0.7308] [-0.7966 -0.9132] [1.9652 2.5901] [-0.5479 -0.6421] [3.0992 3.5428]

State(t=1.0, p=9.780680248399719, q=array([-1.1933, -6.0913])) , Action: [-0.6424 -0.7308], Loss: 14767908.0
New Simulation: 20 
 State(t=0.0, p=9.980105, q=array([-9.3402,  6.2   ]))
[-1.    -0.002 -0.934  0.62 ]
[-1.    -0.002  0.62  -0.934]
[-1434.3472  -838.1719] [ 2.2323 -1.4043] [-0.5599 -0.1442] [17.1694  9.2123] [6.3847 4.7252] [7.5176 6.7963]

State(t=0.0, p=9.980105, q=array([-9.3402,  6.2   ])) , Action: [ 2.2323 -1.4043], Loss: 56745.9609375
[ 0.     -0.162  -1.2941  0.3406]
[ 0.     -0.162   0.3406 -1.2941]
[-1745.5984  -883.0226] [5.9258 0.9962] [-1.8118 -0.2242] [50.972   2.4441] [12.215   2.6857] [13.6972  3.0733]

State(t=1.0, p=8.380367785528776, q=array([-12.9409,   3.4058])) , Action: [5.9258 0.9962], Loss: 1846435.125
New Simulation: 40 
 State(t=0.0, p=10.007603, q=array([-9.6193, -8.1981]))
[-1.0000e+00  7.6027e-04 -9.6193e-01 -8.1981e-01]
[-1.0000e+00  7.6027e-04 -8.1981e-01 -9.6193e-01]
[-1043.4274  -881.5137] [1.5052 1.5929] [-0.4245 -0.4521] [5.0352 5.4552] [2.9482 3.1127] [2.5333 2.6815]

State(t=0.0, p=10.007603, q=array([-9.6193, -8.1981])) , Action: [1.5052 1.5929], Loss: 1694.454833984375
[ 0.      0.1592 -0.6425 -0.4929]
[ 0.      0.1592 -0.4929 -0.6425]
[-1029.3784  -899.6731] [7.0676 6.461 ] [-1.6401 -1.4804] [50.4362 41.9371] [10.7253  9.717 ] [8.8499 7.9456]

State(t=1.0, p=11.592420434831539, q=array([-6.4248, -4.9295])) , Action: [7.0676 6.461 ], Loss: 1419982.0
New Simulation: 60 
 State(t=0.0, p=10.000572, q=array([-10.049 ,   3.2318]))
[-1.0000e+00  5.7220e-05 -1.0049e+00  3.2318e-01]
[-1.0000e+00  5.7220e-05  3.2318e-01 -1.0049e+00]
[-1100.1119  -914.1256] [-0.9762 -0.9537] [-0.2469 -0.1855] [5.2434 8.5759] [1.808 3.145] [2.7993 4.6456]

State(t=0.0, p=10.000572, q=array([-10.049 ,   3.2318])) , Action: [-0.9762 -0.9537], Loss: 43075.03125
[ 0.     -0.0828 -1.2141  0.2034]
[ 0.     -0.0828  0.2034 -1.2141]
[-1327.5225  -970.6017] [11.5065  3.4893] [-0.5742 -0.0649] [102.2717  10.0864] [14.1483  3.3731] [7.3931 0.6908]

State(t=1.0, p=9.171832977525899, q=array([-12.1408,   2.0344])) , Action: [11.5065  3.4893], Loss: 1964935.25
New Simulation: 80 
 State(t=0.0, p=10.007974, q=array([ 9.438 , -8.0777]))
[-1.0000e+00  7.9737e-04  9.4380e-01 -8.0777e-01]
[-1.0000e+00  7.9737e-04 -8.0777e-01  9.4380e-01]
[-1409.6724  -611.1191] [-1.2716 -1.256 ] [-0.341  -0.4333] [8.3864 7.3643] [2.1249 1.244 ] [2.6216 1.519 ]

State(t=0.0, p=10.007974, q=array([ 9.438 , -8.0777])) , Action: [-1.2716 -1.256 ], Loss: 20765.83203125
[ 0.     -0.0505  0.8339 -0.9083]
[ 0.     -0.0505 -0.9083  0.8339]
[-1525.5598  -719.6492] [-3.1159  9.6207] [0.3093 0.1102] [37.2057 61.5076] [ 8.1164 10.1069] [10.8464  2.319 ]

State(t=1.0, p=9.494733905025695, q=array([ 8.3391, -9.0828])) , Action: [-3.1159  9.6207], Loss: 1103979.625
New Simulation: 100 
 State(t=0.0, p=9.991249, q=array([-3.269 ,  9.4409]))
[-1.0000e+00 -8.7509e-04 -3.2690e-01  9.4409e-01]
[-1.0000e+00 -8.7509e-04  9.4409e-01 -3.2690e-01]
[ -151.9876 -1128.1345] [-2.5563 -2.7434] [-0.9052 -0.8075] [20.9278 21.5052] [0.9421 2.0824] [0.0133 1.6843]

State(t=0.0, p=9.991249, q=array([-3.269 ,  9.4409])) , Action: [-2.5563 -2.7434], Loss: 5815.287109375
[ 0.     -0.1165 -0.5534  0.7065]
[ 0.     -0.1165  0.7065 -0.5534]
[ -221.4992 -1124.2135] [ 5.9696 -2.4783] [1.0939 0.4746] [41.6623 23.7742] [7.3636 6.1624] [0.8425 5.8377]

State(t=1.0, p=8.835075495750319, q=array([-5.5343,  7.0655])) , Action: [ 5.9696 -2.4783], Loss: 989376.0
New Simulation: 120 
 State(t=0.0, p=10.020959, q=array([-9.9932, -8.5335]))
[-1.      0.0021 -0.9993 -0.8533]
[-1.      0.0021 -0.8533 -0.9993]
[-479.1528 -388.1863] [-0.4397 -0.6121] [-0.7737 -0.7393] [7.8743 7.8737] [-2.5617 -2.2764] [-4.8987 -4.4674]

State(t=0.0, p=10.020959, q=array([-9.9932, -8.5335])) , Action: [-0.4397 -0.6121], Loss: 2031.858154296875
[ 0.      0.0279 -0.9405 -0.8109]
[ 0.      0.0279 -0.8109 -0.9405]
[-508.6323 -427.2684] [9.8781 9.3123] [2.6749 2.4627] [86.9236 82.2307] [8.0547 7.0852] [-2.8031 -3.5352]

State(t=1.0, p=10.279049265312374, q=array([-9.4047, -8.1087])) , Action: [9.8781 9.3123], Loss: 267779.90625
New Simulation: 140 
 State(t=0.0, p=9.9810095, q=array([ -4.3506, -11.0468]))
[-1.     -0.0019 -0.4351 -1.1047]
[-1.     -0.0019 -1.1047 -0.4351]
[-363.8153 -669.6323] [-2.2055 -1.1759] [-1.5609 -1.3895] [12.7367 11.9185] [-0.7534 -2.0215] [-2.2527 -4.123 ]

State(t=0.0, p=9.9810095, q=array([ -4.3506, -11.0468])) , Action: [-2.2055 -1.1759], Loss: 1178.60693359375
[ 0.     -0.084  -0.65   -1.2217]
[ 0.     -0.084  -1.2217 -0.65  ]
[-370.9831 -704.4688] [7.8023 9.3039] [1.9874 2.8533] [66.2599 66.9454] [3.4765 6.5738] [-5.0046 -1.8587]

State(t=1.0, p=9.160025695712209, q=array([ -6.4995, -12.2169])) , Action: [7.8023 9.3039], Loss: 153443.484375
New Simulation: 160 
 State(t=0.0, p=10.000644, q=array([  0.9224, -18.6002]))
[-1.0000e+00  6.4373e-05  9.2243e-02 -1.8600e+00]
[-1.0000e+00  6.4373e-05 -1.8600e+00  9.2243e-02]
[-443.4725 -802.6169] [-1.5144  1.9047] [-0.4734  0.6914] [17.6876 20.6427] [-2.5671 -1.9214] [-4.5979 -5.2372]

State(t=0.0, p=10.000644, q=array([  0.9224, -18.6002])) , Action: [-1.5144  1.9047], Loss: 4885.5517578125
[ 0.      0.0352 -0.0056 -1.6289]
[ 0.      0.0352 -1.6289 -0.0056]
[-439.0447 -727.5206] [ 1.496  14.0857] [1.5826 5.9392] [128.3616 128.6521] [0.2887 8.2375] [-6.6344 -0.3434]

State(t=1.0, p=10.351739725334191, q=array([ -0.0556, -16.2894])) , Action: [ 1.496  14.0857], Loss: 191007.453125
New Simulation: 180 
 State(t=0.0, p=10.009382, q=array([0.3275, 1.2068]))
[-1.0000e+00  9.3822e-04  3.2754e-02  1.2068e-01]
[-1.0000e+00  9.3822e-04  1.2068e-01  3.2754e-02]
[-131.5991 -151.2115] [-2.8613 -2.9021] [-1.2551 -1.2836] [14.6894 14.713 ] [-0.8843 -0.8666] [-1.8316 -1.7825]

State(t=0.0, p=10.009382, q=array([0.3275, 1.2068])) , Action: [-2.8613 -2.9021], Loss: 2506.076416015625
[ 0.     -0.1162 -0.1301 -0.1879]
[ 0.     -0.1162 -0.1879 -0.1301]
[-141.1818 -126.514 ] [0.6637 1.3287] [0.8856 1.1517] [59.4155 58.684 ] [2.0348 2.1723] [-1.232  -1.1977]

State(t=1.0, p=8.83765616607251, q=array([-1.3005, -1.879 ])) , Action: [0.6637 1.3287], Loss: 42123.109375
New Simulation: 200 
 State(t=0.0, p=9.992824, q=array([  4.6995, -10.1008]))
[-1.0000e+00 -7.1764e-04  4.6995e-01 -1.0101e+00]
[-1.0000e+00 -7.1764e-04 -1.0101e+00  4.6995e-01]
[-445.3485 -408.5066] [-3.2744 -1.361 ] [-0.6494  0.22  ] [8.6842 8.0225] [-1.8021 -0.9415] [-0.1936 -0.4898]

State(t=0.0, p=9.992824, q=array([  4.6995, -10.1008])) , Action: [-3.2744 -1.361 ], Loss: 4520.45068359375
[ 0.     -0.1141  0.1478 -1.1421]
[ 0.     -0.1141 -1.1421  0.1478]
[-418.8605 -450.9163] [-1.4603  6.1679] [0.744  2.8243] [41.6122 22.7064] [-3.0346  0.3309] [-1.834  -0.7461]

State(t=1.0, p=8.858653767652646, q=array([  1.4784, -11.4209])) , Action: [-1.4603  6.1679], Loss: 1320075.875
New Simulation: 220 
 State(t=0.0, p=9.988959, q=array([-17.312 , -14.4452]))
[-1.0000e+00 -1.1041e-03 -1.7312e+00 -1.4445e+00]
[-1.0000e+00 -1.1041e-03 -1.4445e+00 -1.7312e+00]
[-614.1614 -378.4941] [3.3725 3.1886] [0.658  0.6099] [20.0666 19.9981] [-3.5493 -3.3994] [-2.8796 -2.6714]

State(t=0.0, p=9.988959, q=array([-17.312 , -14.4452])) , Action: [3.3725 3.1886], Loss: 2224.771484375
[ 0.      0.1638 -1.3922 -1.1222]
[ 0.      0.1638 -1.1222 -1.3922]
[-617.6021 -368.9232] [11.4057 10.1132] [2.803  2.2476] [106.6035  99.753 ] [-5.9453 -7.251 ] [-4.2241 -5.4505]

State(t=1.0, p=11.637639463499694, q=array([-13.9216, -11.2221])) , Action: [11.4057 10.1132], Loss: 46915.015625
New Simulation: 240 
 State(t=0.0, p=10.006924, q=array([-6.8739,  3.5877]))
[-1.0000e+00  6.9237e-04 -6.8739e-01  3.5877e-01]
[-1.0000e+00  6.9237e-04  3.5877e-01 -6.8739e-01]
[-256.6384 -214.3068] [-1.279  -3.0403] [ 0.1033 -0.6211] [14.5112 16.707 ] [-2.3259 -3.6573] [0.6293 0.8982]

State(t=0.0, p=10.006924, q=array([-6.8739,  3.5877])) , Action: [-1.279  -3.0403], Loss: 1798.8466796875
[ 0.     -0.0924 -0.777   0.0779]
[ 0.     -0.0924  0.0779 -0.777 ]
[-308.442  -218.7441] [ 9.152  -0.0722] [2.8664 0.7587] [84.8474 96.007 ] [-3.5047 -6.6137] [-1.6659 -0.3261]

State(t=1.0, p=9.075953245690746, q=array([-7.7697,  0.7786])) , Action: [ 9.152  -0.0722], Loss: 296420.21875
New Simulation: 260 
 State(t=0.0, p=9.996779, q=array([-6.0958, -7.3295]))
[-1.0000e+00 -3.2206e-04 -6.0958e-01 -7.3295e-01]
[-1.0000e+00 -3.2206e-04 -7.3295e-01 -6.0958e-01]
[ -91.1052 -136.5478] [-0.9927 -0.6453] [0.3407 0.4346] [11.4664 11.4058] [-2.5127 -2.4247] [-0.2074 -0.339 ]

State(t=0.0, p=9.996779, q=array([-6.0958, -7.3295])) , Action: [-0.9927 -0.6453], Loss: 798.67724609375
[ 0.     -0.0423 -0.7135 -0.8021]
[ 0.     -0.0423 -0.8021 -0.7135]
[-119.0237 -164.2279] [7.146  8.0904] [2.8541 3.0675] [101.5101 100.987 ] [-7.0414 -6.3836] [-4.1523 -3.8051]

State(t=1.0, p=9.576732959188623, q=array([-7.1352, -8.0211])) , Action: [7.146  8.0904], Loss: 8553.708984375
New Simulation: 280 
 State(t=0.0, p=9.996258, q=array([ 15.3656, -15.9225]))
[-1.0000e+00 -3.7422e-04  1.5366e+00 -1.5922e+00]
[-1.0000e+00 -3.7422e-04 -1.5922e+00  1.5366e+00]
[-310.0365 -338.682 ] [-3.5328  0.6388] [0.1247 1.1224] [19.9215 18.4426] [-3.9637 -1.3468] [-0.7652  0.1599]

State(t=0.0, p=9.996258, q=array([ 15.3656, -15.9225])) , Action: [-3.5328  0.6388], Loss: 1698.6741943359375
[ 0.     -0.0756  1.1758 -1.5362]
[ 0.     -0.0756 -1.5362  1.1758]
[-359.7876 -306.4059] [-9.951  14.0417] [0.9001 5.2433] [127.1349 128.9332] [-3.9756 -0.2403] [4.068  1.0019]

State(t=1.0, p=9.243579203845929, q=array([ 11.7583, -15.3616])) , Action: [-9.951  14.0417], Loss: 106443.296875
New Simulation: 300 
 State(t=0.0, p=10.01757, q=array([-5.3932, 10.3223]))
[-1.      0.0018 -0.5393  1.0322]
[-1.      0.0018  1.0322 -0.5393]
[ 14.1832 -42.0614] [-1.4956 -3.9491] [ 0.3272 -0.4887] [12.0343 12.6093] [-1.2056 -2.81  ] [ 0.3332 -0.0176]

State(t=0.0, p=10.01757, q=array([-5.3932, 10.3223])) , Action: [-1.4956 -3.9491], Loss: 678.1211547851562
[ 0.     -0.1332 -0.6878  0.6391]
[ 0.     -0.1332  0.6391 -0.6878]
[-10.4116 -62.733 ] [ 7.4887 -5.9844] [3.4217 0.8919] [88.6609 89.364 ] [-0.6446 -2.572 ] [1.0293 2.3429]

State(t=1.0, p=8.66773631023891, q=array([-6.8778,  6.3907])) , Action: [ 7.4887 -5.9844], Loss: 19010.455078125
New Simulation: 320 
 State(t=0.0, p=10.002847, q=array([-5.6883,  2.2079]))
[-1.0000e+00  2.8467e-04 -5.6883e-01  2.2079e-01]
[-1.0000e+00  2.8467e-04  2.2079e-01 -5.6883e-01]
[-18.6959  41.8458] [-0.9853 -2.6647] [ 0.286  -0.2247] [ 9.8998 10.6561] [-1.0157 -1.523 ] [0.0167 0.3154]

State(t=0.0, p=10.002847, q=array([-5.6883,  2.2079])) , Action: [-0.9853 -2.6647], Loss: 349.2261962890625
[ 0.     -0.0885 -0.6652 -0.0438]
[ 0.     -0.0885 -0.0438 -0.6652]
[-48.3432  21.7483] [6.1666 0.0146] [2.7331 1.5186] [88.3722 91.3427] [-1.6938 -3.8251] [ 0.0908 -0.6314]

State(t=1.0, p=9.114782400184906, q=array([-6.6525, -0.4381])) , Action: [6.1666 0.0146], Loss: 5553.7138671875
New Simulation: 340 
 State(t=0.0, p=10.005436, q=array([-6.3183, 12.318 ]))
[-1.0000e+00  5.4359e-04 -6.3183e-01  1.2318e+00]
[-1.0000e+00  5.4359e-04  1.2318e+00 -6.3183e-01]
[-6.4455 31.2868] [-1.6066 -3.9243] [ 0.0274 -0.7208] [10.1393 10.1471] [-1.1722 -2.3972] [ 0.0408 -0.3547]

State(t=0.0, p=10.005436, q=array([-6.3183, 12.318 ])) , Action: [-1.6066 -3.9243], Loss: 214.83737182617188
[ 0.     -0.1341 -0.7824  0.8464]
[ 0.     -0.1341  0.8464 -0.7824]
[-34.9276  -6.7427] [ 8.8195 -8.1255] [ 3.1925 -0.0833] [90.3458 95.3279] [-0.111  -1.7836] [1.5863 2.8329]

State(t=1.0, p=8.658839717288167, q=array([-7.8242,  8.4645])) , Action: [ 8.8195 -8.1255], Loss: 7322.8271484375
New Simulation: 360 
 State(t=0.0, p=9.991346, q=array([ 5.3243, 14.9715]))
[-1.0000e+00 -8.6536e-04  5.3243e-01  1.4971e+00]
[-1.0000e+00 -8.6536e-04  1.4971e+00  5.3243e-01]
[ 69.5115 166.2859] [-3.8192 -4.9071] [-0.8513 -1.1762] [10.9467 11.9484] [-2.0221 -2.746 ] [-0.0408 -0.4488]

State(t=0.0, p=9.991346, q=array([ 5.3243, 14.9715])) , Action: [-3.8192 -4.9071], Loss: 189.3749237060547
[ 0.     -0.2183  0.1523  1.0074]
[ 0.     -0.2183  1.0074  0.1523]
[ 29.618 115.107] [ -1.552 -10.724] [ 1.0386 -0.9731] [84.1016 80.0858] [-0.3979 -0.2003] [2.4303 4.1999]

State(t=1.0, p=7.816511152261574, q=array([ 1.5233, 10.0742])) , Action: [ -1.552 -10.724], Loss: 6938.787109375
New Simulation: 380 
 State(t=0.0, p=10.006886, q=array([-8.1006,  5.7698]))
[-1.0000e+00  6.8855e-04 -8.1006e-01  5.7698e-01]
[-1.0000e+00  6.8855e-04  5.7698e-01 -8.1006e-01]
[-74.6266  62.6059] [ 0.0471 -2.4076] [ 0.0562 -0.6768] [6.1293 6.2789] [-1.0247 -1.304 ] [-0.5874 -0.2175]

State(t=0.0, p=10.006886, q=array([-8.1006,  5.7698])) , Action: [ 0.0471 -2.4076], Loss: 125.62471771240234
[ 0.     -0.0597 -0.8109  0.3314]
[ 0.     -0.0597  0.3314 -0.8109]
[-84.7964  39.1044] [ 8.151  -3.4185] [2.5169 0.0949] [83.3115 82.5684] [-0.3498 -1.5516] [1.0303 0.7411]

State(t=1.0, p=9.403085496613283, q=array([-8.1086,  3.3136])) , Action: [ 8.151  -3.4185], Loss: 262.12481689453125
New Simulation: 400 
 State(t=0.0, p=9.992434, q=array([ 0.4742, -0.4086]))
[-1.0000e+00 -7.5665e-04  4.7424e-02 -4.0860e-02]
[-1.0000e+00 -7.5665e-04 -4.0860e-02  4.7424e-02]
[31.7308 30.6984] [-1.1505 -0.953 ] [-0.4884 -0.4313] [4.6781 4.6103] [-1.3303 -1.3207] [-0.6428 -0.6932]

State(t=0.0, p=9.992434, q=array([ 0.4742, -0.4086])) , Action: [-1.1505 -0.953 ], Loss: 4.706300258636475
[ 0.     -0.1084 -0.1759 -0.2463]
[ 0.     -0.1084 -0.2463 -0.1759]
[12.9983 11.2576] [2.1534 2.9245] [1.07   1.2443] [62.005  61.2125] [-1.2318 -1.0458] [-0.325  -0.2807]

State(t=1.0, p=8.9158388479079, q=array([-1.7589, -2.4625])) , Action: [2.1534 2.9245], Loss: 32426.5703125
New Simulation: 420 
 State(t=0.0, p=10.003035, q=array([-2.3375,  7.2841]))
[-1.0000e+00  3.0346e-04 -2.3375e-01  7.2841e-01]
[-1.0000e+00  3.0346e-04  7.2841e-01 -2.3375e-01]
[37.6855 78.9794] [-1.4378 -2.6608] [-0.507 -0.881] [5.0368 5.2241] [-1.0704 -1.1647] [-0.5261 -0.2994]

State(t=0.0, p=10.003035, q=array([-2.3375,  7.2841])) , Action: [-1.4378 -2.6608], Loss: 96.58096313476562
[ 0.     -0.1007 -0.3751  0.4652]
[ 0.     -0.1007  0.4652 -0.3751]
[14.678  51.0082] [ 3.6095 -5.0048] [ 1.371  -0.6472] [73.0921 70.9456] [ 0.2307 -0.4919] [1.406  1.3473]

State(t=1.0, p=8.993267234885794, q=array([-3.7507,  4.6516])) , Action: [ 3.6095 -5.0048], Loss: 3476.656982421875
New Simulation: 440 
 State(t=0.0, p=9.998416, q=array([  2.8902, -14.0312]))
[-1.0000e+00 -1.5841e-04  2.8902e-01 -1.4031e+00]
[-1.0000e+00 -1.5841e-04 -1.4031e+00  2.8902e-01]
[  41.7394 -213.2922] [-2.016   1.1818] [-0.8222  0.1024] [3.85   4.1744] [-1.2193 -0.9372] [-0.6619 -0.8104]

State(t=0.0, p=9.998416, q=array([  2.8902, -14.0312])) , Action: [-2.016   1.1818], Loss: 58.412742614746094
[ 0.     -0.023   0.082  -1.2913]
[ 0.     -0.023  -1.2913  0.082 ]
[  24.8983 -214.7734] [-0.2195 13.9829] [-0.0573  2.9482] [95.4264 94.3538] [-2.2759 -0.067 ] [-0.6478  1.2937]

State(t=1.0, p=9.770376910693352, q=array([  0.8197, -12.9127])) , Action: [-0.2195 13.9829], Loss: 11424.732421875
New Simulation: 460 
 State(t=0.0, p=9.982295, q=array([  5.7501, -10.08  ]))
[-1.     -0.0018  0.575  -1.008 ]
[-1.     -0.0018 -1.008   0.575 ]
[  61.8113 -130.8712] [-1.7533  0.6189] [-0.8498 -0.0924] [3.7731 3.8184] [-0.8488 -0.6012] [-0.3851 -0.5575]

State(t=0.0, p=9.982295, q=array([  5.7501, -10.08  ])) , Action: [-1.7533  0.6189], Loss: 173.0546112060547
[ 0.     -0.0301  0.4    -0.947 ]
[ 0.     -0.0301 -0.947   0.4   ]
[  41.4573 -136.4931] [-3.2875 10.8083] [-1.2107  1.8788] [70.7111 71.1482] [-1.0343 -0.1635] [0.1602 0.4698]

State(t=1.0, p=9.69937421921127, q=array([ 4.    , -9.4697])) , Action: [-3.2875 10.8083], Loss: 2418.154296875
New Simulation: 480 
 State(t=0.0, p=9.990051, q=array([ 6.7634, -1.5584]))
[-1.0000e+00 -9.9487e-04  6.7634e-01 -1.5584e-01]
[-1.0000e+00 -9.9487e-04 -1.5584e-01  6.7634e-01]
[58.4732 23.0406] [-1.9728 -1.0602] [-0.9521 -0.6504] [3.3556 3.1891] [-0.9624 -0.943 ] [-0.4958 -0.6912]

State(t=0.0, p=9.990051, q=array([ 6.7634, -1.5584])) , Action: [-1.9728 -1.0602], Loss: 101.81402587890625
[ 0.     -0.0768  0.4799 -0.2594]
[ 0.     -0.0768 -0.2594  0.4799]
[36.8389  3.2592] [-5.1614  2.1161] [-1.4725  0.4685] [59.7351 61.2613] [-0.005   0.2758] [1.1179 1.1462]

State(t=1.0, p=9.23159555318699, q=array([ 4.7992, -2.5938])) , Action: [-5.1614  2.1161], Loss: 1633.7216796875
New Simulation: 500 
 State(t=0.0, p=9.994432, q=array([22.0656, 16.353 ]))
[-1.0000e+00 -5.5676e-04  2.2066e+00  1.6353e+00]
[-1.0000e+00 -5.5676e-04  1.6353e+00  2.2066e+00]
[160.2936 102.2035] [-7.3234 -6.6325] [-2.748  -2.6097] [16.475  15.5299] [-2.1405 -2.0621] [-1.0202 -0.7788]

State(t=0.0, p=9.994432, q=array([22.0656, 16.353 ])) , Action: [-7.3234 -6.6325], Loss: 216.42605590820312
[ 0.     -0.3496  1.4768  0.9743]
[ 0.     -0.3496  0.9743  1.4768]
[84.5781 47.9074] [-14.9743  -9.2002] [-3.8849 -2.3824] [75.3212 72.6609] [2.4117 2.1846] [4.1583 3.6338]

State(t=1.0, p=6.5041624725367475, q=array([14.7682,  9.7434])) , Action: [-14.9743  -9.2002], Loss: 1063.516845703125
New Simulation: 520 
 State(t=0.0, p=10.004144, q=array([11.5603, -0.2242]))
[-1.0000e+00  4.1437e-04  1.1560e+00 -2.2417e-02]
[-1.0000e+00  4.1437e-04 -2.2417e-02  1.1560e+00]
[100.6692   9.9226] [-2.4368 -1.1403] [-1.1479 -0.771 ] [2.7857 2.4771] [-0.9524 -0.8821] [-0.6419 -0.6735]

State(t=0.0, p=10.004144, q=array([11.5603, -0.2242])) , Action: [-2.4368 -1.1403], Loss: 141.41311645507812
[ 0.     -0.0891  0.915  -0.134 ]
[ 0.     -0.0891 -0.134   0.915 ]
[ 80.3334 -12.3689] [-9.6671  1.5599] [-2.9257  0.0219] [67.2838 67.0764] [0.6909 0.8203] [1.8069 1.4081]

State(t=1.0, p=9.10875657396972, q=array([ 9.1498, -1.3395])) , Action: [-9.6671  1.5599], Loss: 612.589111328125
New Simulation: 540 
 State(t=0.0, p=9.999061, q=array([12.7453, 27.5003]))
[-1.0000e+00 -9.3937e-05  1.2745e+00  2.7500e+00]
[-1.0000e+00 -9.3937e-05  2.7500e+00  1.2745e+00]
[ 78.5445 221.8167] [-6.69   -8.8492] [-2.779  -2.9262] [19.4652 21.1187] [-1.8452 -0.6879] [-0.4244  0.215 ]

State(t=0.0, p=9.999061, q=array([12.7453, 27.5003])) , Action: [-6.69   -8.8492], Loss: 644.2420043945312
[ 0.     -0.3924  0.5966  1.8561]
[ 0.     -0.3924  1.8561  0.5966]
[ 16.8538 125.6926] [ -5.2151 -18.6844] [-1.7108 -5.268 ] [93.0696 95.3354] [1.8889 1.8537] [3.1395 3.8412]

State(t=1.0, p=6.075714714437138, q=array([ 5.9663, 18.5613])) , Action: [ -5.2151 -18.6844], Loss: 3364.35009765625
New Simulation: 560 
 State(t=0.0, p=10.001608, q=array([ 13.6236, -11.9957]))
[-1.0000e+00  1.6079e-04  1.3624e+00 -1.1996e+00]
[-1.0000e+00  1.6079e-04 -1.1996e+00  1.3624e+00]
[  94.9651 -134.5875] [-2.01    0.4664] [-0.9354 -0.2333] [2.6486 2.7183] [-0.5631 -0.3854] [-0.435  -0.3493]

State(t=0.0, p=10.001608, q=array([ 13.6236, -11.9957])) , Action: [-2.01    0.4664], Loss: 228.98956298828125
[ 0.     -0.0354  1.1658 -1.143 ]
[ 0.     -0.0354 -1.143   1.1658]
[  61.0757 -136.8111] [-10.9436  11.8559] [-3.6442  1.6262] [99.4931 92.2629] [-0.2828  0.0363] [1.0638 0.7683]

State(t=1.0, p=9.645936576137295, q=array([ 11.6576, -11.4296])) , Action: [-10.9436  11.8559], Loss: 7990.705078125
New Simulation: 580 
 State(t=0.0, p=9.999709, q=array([-8.0538, 10.8745]))
[-1.0000e+00 -2.9087e-05 -8.0538e-01  1.0875e+00]
[-1.0000e+00 -2.9087e-05  1.0875e+00 -8.0538e-01]
[-83.4605  90.8648] [ 0.3228 -1.654 ] [-0.2427 -0.8397] [1.775  1.7305] [-0.2771 -0.3872] [-0.4455 -0.4295]

State(t=0.0, p=9.999709, q=array([-8.0538, 10.8745])) , Action: [ 0.3228 -1.654 ], Loss: 172.8291015625
[ 0.     -0.0313 -0.7673  0.9261]
[ 0.     -0.0313  0.9261 -0.7673]
[-88.1662  59.9568] [ 7.806 -9.21 ] [ 1.0064 -3.1477] [79.8756 78.4827] [0.4136 0.0873] [0.3923 0.5624]

State(t=1.0, p=9.687285460511069, q=array([-7.6727,  9.261 ])) , Action: [ 7.806 -9.21 ], Loss: 712.4052734375
New Simulation: 600 
 State(t=0.0, p=10.013131, q=array([-22.7739, -15.983 ]))
[-1.0000e+00  1.3131e-03 -2.2774e+00 -1.5983e+00]
[-1.0000e+00  1.3131e-03 -1.5983e+00 -2.2774e+00]
[-281.3849 -148.0567] [5.8131 5.7766] [0.8163 0.6996] [10.808  11.3762] [-0.0265 -0.2471] [-0.5856 -0.764 ]

State(t=0.0, p=10.013131, q=array([-22.7739, -15.983 ])) , Action: [5.8131 5.7766], Loss: 440.2919006347656
[ 0.      0.2853 -1.7047 -1.0292]
[ 0.      0.2853 -1.0292 -1.7047]
[-240.502  -90.337] [16.8514  9.9764] [1.8771 0.5161] [133.1122 132.0882] [-0.9605 -1.4322] [-1.6013 -2.2742]

State(t=1.0, p=12.85256993124969, q=array([-17.0471, -10.2925])) , Action: [16.8514  9.9764], Loss: 2802.062744140625
New Simulation: 620 
 State(t=0.0, p=10.008664, q=array([-13.6466,  -3.4474]))
[-1.0000e+00  8.6641e-04 -1.3647e+00 -3.4474e-01]
[-1.0000e+00  8.6641e-04 -3.4474e-01 -1.3647e+00]
[-176.7418  -37.6007] [2.3194 1.1205] [ 0.2896 -0.0543] [1.9433 1.903 ] [-0.0751  0.0397] [-0.4339 -0.2094]

State(t=0.0, p=10.008664, q=array([-13.6466,  -3.4474])) , Action: [2.3194 1.1205], Loss: 29.04888916015625
[ 0.      0.0819 -1.1435 -0.2447]
[ 0.      0.0819 -0.2447 -1.1435]
[-151.6183  -24.5201] [11.5596  2.5205] [ 1.2389 -0.7303] [89.828 91.204] [-0.3514 -0.7756] [-1.174  -1.4999]

State(t=1.0, p=10.819299617838302, q=array([-11.435 ,  -2.4471])) , Action: [11.5596  2.5205], Loss: 450.24853515625
New Simulation: 640 
 State(t=0.0, p=9.9953165, q=array([ 5.9904, 10.1855]))
[-1.0000e+00 -4.6835e-04  5.9904e-01  1.0185e+00]
[-1.0000e+00 -4.6835e-04  1.0185e+00  5.9904e-01]
[ 65.2424 110.8488] [-2.0989 -2.5988] [-1.0886 -1.1942] [1.3392 1.6954] [-0.6135 -0.5394] [-0.866  -0.7811]

State(t=0.0, p=9.9953165, q=array([ 5.9904, 10.1855])) , Action: [-2.0989 -2.5988], Loss: 30.871196746826172
[ 0.     -0.0676  0.5015  0.8533]
[ 0.     -0.0676  0.8533  0.5015]
[ 74.3749 119.0709] [ 4.3247 -0.2407] [2.0871 0.6817] [10.9079  8.8594] [-0.6713 -1.0612] [-2.4572 -2.3341]

State(t=1.0, p=9.32445294794385, q=array([5.0145, 8.5332])) , Action: [ 4.3247 -0.2407], Loss: 109837.265625
New Simulation: 660 
 State(t=0.0, p=10.00119, q=array([  6.0128, -15.5381]))
[-1.0000e+00  1.1902e-04  6.0128e-01 -1.5538e+00]
[-1.0000e+00  1.1902e-04 -1.5538e+00  6.0128e-01]
[  -3.8068 -327.9103] [-1.4887 -0.2586] [-0.7165 -0.1656] [0.5589 0.2231] [0.9216 0.6957] [-0.2057 -0.379 ]

State(t=0.0, p=10.00119, q=array([  6.0128, -15.5381])) , Action: [-1.4887 -0.2586], Loss: 810.1382446289062
[ 0.     -0.0871  0.366  -1.6665]
[ 0.     -0.0871 -1.6665  0.366 ]
[ -18.1753 -400.0034] [-5.1069  7.8758] [-2.6604  4.64  ] [4.0205 0.3139] [ 1.9799 -0.4303] [ 0.033  -3.0449]

State(t=1.0, p=9.129297994961279, q=array([  3.66 , -16.665])) , Action: [-5.1069  7.8758], Loss: 13465795.0
New Simulation: 680 
 State(t=0.0, p=9.983605, q=array([-6.8475,  0.7826]))
[-1.     -0.0016 -0.6847  0.0783]
[-1.     -0.0016  0.0783 -0.6847]
[-539.9512 -152.8573] [-2.2017 -2.8437] [-1.225  -1.2865] [0.1143 0.0401] [-1.9537 -1.4589] [-2.7709 -2.5899]

State(t=0.0, p=9.983605, q=array([-6.8475,  0.7826])) , Action: [-2.2017 -2.8437], Loss: 105069.1171875
[ 0.     -0.1579 -0.9672 -0.257 ]
[ 0.     -0.1579 -0.257  -0.9672]
[-829.6043 -305.8941] [ 4.8722 -1.9417] [ 1.1897 -0.9183] [0.0013 0.0838] [-7.5339 -4.0828] [-5.2985 -4.5798]

State(t=1.0, p=8.421197252517118, q=array([-9.6717, -2.5702])) , Action: [ 4.8722 -1.9417], Loss: 260428.125
New Simulation: 700 
 State(t=0.0, p=10.005494, q=array([-15.025 ,   8.2689]))
[-1.0000e+00  5.4941e-04 -1.5025e+00  8.2689e-01]
[-1.0000e+00  5.4941e-04  8.2689e-01 -1.5025e+00]
[-1255.9319  -149.5069] [-3.0226 -5.8499] [-4.5152 -3.8593] [0.0722 0.0157] [-5.6024 -2.2726] [-0.8944 -2.055 ]

State(t=0.0, p=10.005494, q=array([-15.025 ,   8.2689])) , Action: [-3.0226 -5.8499], Loss: 325501.125
[ 0.     -0.1618 -1.722   0.3957]
[ 0.     -0.1618  0.3957 -1.722 ]
[-2009.0073  -237.5354] [ 7.3391 -4.5458] [-4.0916 -4.0923] [0.0014 0.0017] [-13.9147  -4.7246] [ 0.1034 -2.4232]

State(t=1.0, p=8.381690235679084, q=array([-17.2195,   3.9571])) , Action: [ 7.3391 -4.5458], Loss: 139725.734375
New Simulation: 720 
 State(t=0.0, p=10.008348, q=array([ 14.8618, -14.2137]))
[-1.0000e+00  8.3485e-04  1.4862e+00 -1.4214e+00]
[-1.0000e+00  8.3485e-04 -1.4214e+00  1.4862e+00]
[ -363.7401 -2101.0295] [-9.5979 -3.3039] [-4.8007 -5.0654] [0.391  0.2626] [-3.8144 -7.9988] [-2.3375 -0.8515]

State(t=0.0, p=10.008348, q=array([ 14.8618, -14.2137])) , Action: [-9.5979 -3.3039], Loss: 988653.875
[ 0.     -0.3477  0.4282 -1.7594]
[ 0.     -0.3477 -1.7594  0.4282]
[ -416.52   -3246.4053] [-5.7495 10.5876] [-4.1024 -4.1076] [0.4802 1.4861] [ -6.2669 -16.2008] [-2.8137 -1.8289]

State(t=1.0, p=6.523351084841367, q=array([  4.2817, -17.5938])) , Action: [-5.7495 10.5876], Loss: 291625.65625
New Simulation: 740 
 State(t=0.0, p=9.997294, q=array([-7.8585,  4.4295]))
[-1.0000e+00 -2.7056e-04 -7.8585e-01  4.4295e-01]
[-1.0000e+00 -2.7056e-04  4.4295e-01 -7.8585e-01]
[-2134.7234  -410.0197] [-4.824  -6.8941] [-7.5089 -6.2827] [0.1307 1.1711] [-11.9224  -8.808 ] [-1.503  -2.0416]

State(t=0.0, p=9.997294, q=array([-7.8585,  4.4295])) , Action: [-4.824  -6.8941], Loss: 763964.1875
[ 0.     -0.2995 -1.2768 -0.2582]
[ 0.     -0.2995 -0.2582 -1.2768]
[-2981.5635  -956.1228] [5.376  2.0623] [-9.1764 -7.9538] [8.6883 2.2725] [-21.2746 -17.734 ] [-0.8647 -2.4942]

State(t=1.0, p=7.004868330409815, q=array([-12.7676,  -2.5819])) , Action: [5.376  2.0623], Loss: 999104.8125
New Simulation: 760 
 State(t=0.0, p=9.995144, q=array([-11.3256,   1.8047]))
[-1.0000e+00 -4.8561e-04 -1.1326e+00  1.8047e-01]
[-1.0000e+00 -4.8561e-04  1.8047e-01 -1.1326e+00]
[-3783.5374 -1241.9912] [-4.7489 -7.0145] [-7.2133 -5.9385] [0.2292 1.1784] [-11.6854  -8.6447] [-1.7245 -2.6036]

State(t=0.0, p=9.995144, q=array([-11.3256,   1.8047])) , Action: [-4.7489 -7.0145], Loss: 1390316.25
[ 0.     -0.3687 -1.7496 -0.669 ]
[ 0.     -0.3687 -0.669  -1.7496]
[-4738.7573 -2161.6777] [2.6518 3.4063] [-10.1312  -8.4514] [1.097  0.3826] [-22.3482 -19.5665] [-2.6161 -2.4054]

State(t=1.0, p=6.313427083596133, q=array([-17.4962,  -6.6904])) , Action: [2.6518 3.4063], Loss: 54064636.0
New Simulation: 780 
 State(t=0.0, p=10.004196, q=array([-13.3653, -25.3096]))
[-1.0000e+00  4.1962e-04 -1.3365e+00 -2.5310e+00]
[-1.0000e+00  4.1962e-04 -2.5310e+00 -1.3365e+00]
[-4848.214 -8808.222] [-4.7883 -4.4698] [-7.7944 -9.5306] [0.0005 0.0488] [-12.1795 -15.4228] [-1.2237 -0.8488]

State(t=0.0, p=10.004196, q=array([-13.3653, -25.3096])) , Action: [-4.7883 -4.4698], Loss: 1199124.625
[ 0.     -0.236  -1.83   -2.9921]
[ 0.     -0.236  -2.9921 -1.83  ]
[-5816.284 -9806.135] [20.2546  7.1778] [-12.6394 -17.4113] [0.0552 4.2458] [-35.0006 -36.1854] [0.902 0.454]

State(t=1.0, p=7.639600663823257, q=array([-18.3003, -29.9206])) , Action: [20.2546  7.1778], Loss: 307368256.0
New Simulation: 800 
 State(t=0.0, p=9.995993, q=array([  0.3639, -16.7262]))
[-1.0000e+00 -4.0073e-04  3.6389e-02 -1.6726e+00]
[-1.0000e+00 -4.0073e-04 -1.6726e+00  3.6389e-02]
[-2286.493 -9412.769] [-9.6556 -7.8257] [ -9.9779 -12.3047] [0.0112 0.2465] [-13.0922 -17.5617] [-1.2665 -0.6661]

State(t=0.0, p=9.995993, q=array([  0.3639, -16.7262])) , Action: [-9.6556 -7.8257], Loss: 2756586.5
[ 0.     -0.3811 -0.8196 -2.3446]
[ 0.     -0.3811 -2.3446 -0.8196]
[ -3429.724 -11132.961] [24.6398 -1.6539] [ -3.2083 -15.0699] [0.3154 9.6505] [-20.7976 -25.1091] [-1.1813  0.8719]

State(t=1.0, p=6.189349505091954, q=array([ -8.1962, -23.4464])) , Action: [24.6398 -1.6539], Loss: 506467808.0
New Simulation: 820 
 State(t=0.0, p=10.001502, q=array([  5.5191, -10.1063]))
[-1.0000e+00  1.5020e-04  5.5191e-01 -1.0106e+00]
[-1.0000e+00  1.5020e-04 -1.0106e+00  5.5191e-01]
[-1370.4208 -9025.698 ] [-7.092 -5.153] [-14.5393 -18.2953] [2.7301 6.7746] [-17.1125 -22.8128] [6.1705 8.0078]

State(t=0.0, p=10.001502, q=array([  5.5191, -10.1063])) , Action: [-7.092 -5.153], Loss: 917959.625
[ 0.     -0.2793 -0.1077 -1.4683]
[ 0.     -0.2793 -1.4683 -0.1077]
[ -1789.3885 -10185.319 ] [-15.5767  -2.1017] [-4.7681 -8.5502] [0.0041 0.8173] [ -7.3397 -14.115 ] [-0.946   1.2106]

State(t=1.0, p=7.207486777501982, q=array([ -1.0765, -14.683 ])) , Action: [-15.5767  -2.1017], Loss: 183921200.0
New Simulation: 840 
 State(t=0.0, p=9.979789, q=array([  4.6201, -13.045 ]))
[-1.     -0.002   0.462  -1.3045]
[-1.     -0.002  -1.3045  0.462 ]
[ -2369.3057 -12076.974 ] [-5.3629 -1.9562] [-17.0042 -18.7278] [18.8381 29.5662] [-26.9342 -31.2593] [14.9347 16.6892]

State(t=0.0, p=9.979789, q=array([  4.6201, -13.045 ])) , Action: [-5.3629 -1.9562], Loss: 292126.1875
[ 0.     -0.2057 -0.106  -1.5481]
[ 0.     -0.2057 -1.5481 -0.106 ]
[ -2709.4695 -11823.686 ] [-33.7255  -9.4371] [ 3.3754 -7.2149] [0.2901 0.0588] [ -8.6504 -17.7741] [-4.4419  0.2755]

State(t=1.0, p=7.943107862360982, q=array([ -1.0605, -15.4807])) , Action: [-33.7255  -9.4371], Loss: 2339184384.0
New Simulation: 860 
 State(t=0.0, p=9.987047, q=array([-7.4236, 15.2125]))
[-1.0000e+00 -1.2953e-03 -7.4236e-01  1.5213e+00]
[-1.0000e+00 -1.2953e-03  1.5213e+00 -7.4236e-01]
[-10387.699   -3324.1772] [  3.4138 -12.2794] [-9.7436 -7.3184] [50.6901 16.6   ] [-22.3439 -18.5653] [3.4832 5.8257]

State(t=0.0, p=9.987047, q=array([-7.4236, 15.2125])) , Action: [  3.4138 -12.2794], Loss: 4749334.0
[ 0.     -0.279  -0.5685  0.2336]
[ 0.     -0.279   0.2336 -0.5685]
[-8584.357  -3947.0808] [-50.0582 -55.5549] [0.2625 2.5512] [0.1901 0.181 ] [-30.6238 -29.4241] [ -8.2455 -10.0204]

State(t=1.0, p=7.20997236289742, q=array([-5.6847,  2.3363])) , Action: [-50.0582 -55.5549], Loss: 14739314688.0
New Simulation: 880 
 State(t=0.0, p=9.998152, q=array([ 16.8276, -10.0258]))
[-1.0000e+00 -1.8482e-04  1.6828e+00 -1.0026e+00]
[-1.0000e+00 -1.8482e-04 -1.0026e+00  1.6828e+00]
[ -6687.326 -17529.627] [-2.7248  1.0365] [-2.5809 -4.0275] [0.0239 9.5921] [5.9959 1.8445] [ 3.6262 -0.1181]

State(t=0.0, p=9.998152, q=array([ 16.8276, -10.0258])) , Action: [-2.7248  1.0365], Loss: 14808291.0
[ 0.     -0.0602  1.383  -0.9464]
[ 0.     -0.0602 -0.9464  1.383 ]
[ -5741.751 -13432.033] [-6.729  -5.3931] [1.2255 0.0783] [9.8542 1.6692] [32.9871 22.8489] [5.2576 2.878 ]

State(t=1.0, p=9.398154467518149, q=array([13.8301, -9.4636])) , Action: [-6.729  -5.3931], Loss: 19579296.0
New Simulation: 900 
 State(t=0.0, p=10.005221, q=array([-21.5284,   5.3927]))
[-1.0000e+00  5.2214e-04 -2.1528e+00  5.3927e-01]
[-1.0000e+00  5.2214e-04  5.3927e-01 -2.1528e+00]
[-17406.453   -5063.2095] [ 1.0399 -3.3852] [-15.5949 -16.9987] [41.6478 42.5936] [-2.1168 -9.2124] [7.7754 7.6236]

State(t=0.0, p=10.005221, q=array([-21.5284,   5.3927])) , Action: [ 1.0399 -3.3852], Loss: 8811300.0
[ 0.     -0.0471 -1.868   0.0677]
[ 0.     -0.0471  0.0677 -1.868 ]
[-14383.256   -4496.3735] [3.5818 4.5599] [-0.3288 -0.5978] [32.643  16.6192] [45.4372 36.6876] [12.339  10.4378]

State(t=1.0, p=9.528589482887005, q=array([-18.6801,   0.6771])) , Action: [3.5818 4.5599], Loss: 13716870.0
New Simulation: 920 
 State(t=0.0, p=10.006846, q=array([8.7844, 1.5713]))
[-1.0000e+00  6.8464e-04  8.7844e-01  1.5713e-01]
[-1.0000e+00  6.8464e-04  1.5713e-01  8.7844e-01]
[-1458.1749 -2019.3958] [10.0296  9.9175] [-7.3416 -8.0916] [0.1845 0.0005] [15.1806 17.2595] [11.1685 10.9099]

State(t=0.0, p=10.006846, q=array([8.7844, 1.5713])) , Action: [10.0296  9.9175], Loss: 4127018.0
[0.     0.479  1.8385 1.1116]
[0.     0.479  1.1116 1.8385]
[-107.4562 -104.558 ] [-12.3454 -12.2709] [-7.997  -8.9233] [25.6918 17.1107] [18.5253 29.3486] [-4.9469 -4.4763]

State(t=1.0, p=14.790313399172963, q=array([18.3851, 11.1156])) , Action: [-12.3454 -12.2709], Loss: 2605539.0
New Simulation: 940 
 State(t=0.0, p=10.02512, q=array([-7.914 , -7.2707]))
[-1.      0.0025 -0.7914 -0.7271]
[-1.      0.0025 -0.7271 -0.7914]
[-6316.8374 -6003.0103] [-1.3461 -1.2599] [-19.8233 -19.7732] [17.0754 16.5893] [-13.0523 -12.8392] [8.8408 8.919 ]

State(t=0.0, p=10.02512, q=array([-7.914 , -7.2707])) , Action: [-1.3461 -1.2599], Loss: 575160.3125
[ 0.     -0.0741 -0.9509 -0.878 ]
[ 0.     -0.0741 -0.878  -0.9509]
[-5796.382  -5443.2476] [9.783  9.8216] [-6.864  -6.8626] [28.7672 27.0891] [33.7639 32.7192] [8.5344 8.5688]

State(t=1.0, p=9.258873979062312, q=array([-9.5094, -8.7799])) , Action: [9.783  9.8216], Loss: 68883376.0